1 9 1 3 5 9
2 9 1 3 5 10
3 9 2 4 6 8
4 9 2 4 6 10
5 9 2 5 7 9
6 9 1 3 5 7
7 9 1 3 9 10
8 9 2 3 5 7
9 9 3 5 7 9
10 9 2 3 5 10
11 9 1 3 9 10
12 9 4 5 7 9
13 10 1 3 6 8
14 10 2 4 6 8
15 10 1 3 5 10
16 10 5 7 9 10
17 10 1 3 5 7
18 10 2 4 6 9
19 10 2 4 6 10
20 10 1 3 7 9
21 10 6 8 9 10
22 10 2 4 6 8
23 10 1 3 5 10
24 10 1 5 7 9
25 10 2 4 9 10
26 11 2 4 6 8
27 11 4 6 8 9
28 11 2 4 9 10
29 11 2 4 7 8
30 11 7 8 9 10
31 11 1 3 5 9
32 11 1 3 5 10
33 11 2 4 5 6
34 11 2 6 8 9
35 11 1 3 5 9
36 11 2 6 8 9
37 11 2 4 8 10
38 12 2 4 6 8
39 12 2 4 9 10
40 12 1 3 5 7
41 12 1 3 5 10
42 12 4 6 8 9
43 12 5 7 8 10
44 12 1 3 5 7
45 12 2 4 6 8
46 12 3 6 7 9
47 12 1 3 6 8
48 12 2 4 5 7
49 12 1 3 9 10
50 12 2 3 5 7
